  -15.1558666714167        21.4200000000000     
   21.4200000000000       -28.4145606813356     
  -31.3979670637858        21.4200000000000     
  0.000000000000000E+000  -143.472553339870     
   21.4200000000000       -28.4145606813356     
  -31.3979670637858        21.4200000000000     
  -21.4200000000000        7.18561864026650     
   11.3422267570480       -21.4200000000000     
  -103.621619741275       0.000000000000000E+000
  -21.4200000000000        3.74040782704659     
  -15.8959442113698        21.4200000000000     
   15.6204399154607        21.4200000000000     
  -21.4200000000000        3.74040782704659     
  -15.8959442113698        21.4200000000000     
   21.4200000000000       -28.4145606813356     
  -21.4200000000000        3.74040782704659     
  -15.8959442113698        21.4200000000000     
  0.000000000000000E+000  -44.4933291665183     
   21.4200000000000       -29.0401286988467     
   21.4200000000000        29.0952051612479     
  1.269743693198901E+308 -6.423054923181281E+307
   21.4200000000000       -29.0401286988467     
  9.112394753217773E+307 -2.988454558471451E+307
   10.6477123405152       -21.4200000000000     
   21.4200000000000       -29.0401286988467     
   21.4200000000000       -28.4145606813356     
   11.3422267570480       -21.4200000000000     
   21.4200000000000        29.0952051612479     
   21.4200000000000       -28.4145606813356     
   11.3422267570480       -21.4200000000000     
   21.4200000000000       -96.3900339399538     
   32.6380338070486       -42.8400000000000     
   42.8400000000000       -63.8707061100691     
   41.6173948961095        21.4200000000000     
   32.6380338070486       -42.8400000000000     
  -42.8400000000000        41.7541687458647     
  -12.6527097370019        21.4200000000000     
   41.6173948961095        21.4200000000000     
   21.4200000000000        29.0952051612479     
   21.4200000000000       -58.4437748420267     
   41.6173948961095        21.4200000000000     
   16.4817005543857       -42.8400000000000     
  -49.4563158721565       0.000000000000000E+000
  0.000000000000000E+000  -103.732998292343     
  -42.8400000000000        8.60127405406304     
  0.000000000000000E+000  -52.7699750450870     
 -0.664931272844418       -21.4200000000000     
  -16.0784087551653        21.4200000000000     
   11.3422267570480       -21.4200000000000     
  -21.4200000000000        2.68111127205366     
  0.000000000000000E+000  0.967116443343160     
  -21.4200000000000        1.13443352930323     
  -21.4200000000000        2.68111127205366     
  0.000000000000000E+000  0.967116443343158     
   14.3991759898707       0.000000000000000E+000
   32.6380338070486       -42.8400000000000     
  -21.4200000000000        17.0116722636094     
   14.3991759898707       0.000000000000000E+000
   32.6380338070486       -42.8400000000000     
   21.4200000000000       -10.3515309317936     
  -21.4200000000000        16.7891333603235     
   32.6380338070486       -42.8400000000000     
   42.8400000000000        34.5367784716427     
  -21.4200000000000        2.68111127205366     
   21.4200000000000        29.0952051612479     
   42.8400000000000       -31.2654772759125     
   42.8400000000000        34.5367784716427     
  -21.4200000000000        2.68111127205366     
   20.0995608605448      -8.881784197001252E-016
   42.8400000000000        34.5367784716427     
  -21.4200000000000        2.68111127205366     
 -0.773113915244767       -21.4200000000000     
   20.0995608605448       0.000000000000000E+000
   42.8400000000000        34.5367784716427     
  -47.9017759486565        42.8400000000000     
  8.881784197001252E-016  -25.2248777878415     
  -50.3461102074147        42.8400000000000     
  -31.3979670637858        21.4200000000000     
  0.000000000000000E+000  -24.6729452012864     
 -1.776356839400250E-015  -53.7937794762932     
  -21.4200000000000        1.13443352930322     
  0.000000000000000E+000  -59.3203608362860     
   30.6859224601626       -42.8400000000000     
   20.0995608605448       0.000000000000000E+000
  0.000000000000000E+000   25.0390587895913     
  6.661338147750939E-016  -25.2248777878415     
   20.0995608605448       0.000000000000000E+000
  0.000000000000000E+000  -45.4055582482845     
  0.000000000000000E+000   25.0390587895913     
  0.000000000000000E+000  -52.9713751293002     
  -21.4200000000000        2.68111127205366     
   42.8400000000000       -68.0666197566508     
  0.000000000000000E+000   25.0390587895913     
   42.8400000000000       -52.7987123014520     
  -21.4200000000000        2.68111127205366     
   42.8400000000000       -55.3077806542382     
   5.75053794929228       -21.4200000000000     
  -35.4080989813201       0.000000000000000E+000
  -33.9932055572616       -21.4200000000000     
   21.4200000000000       -28.2841006961202     
   5.75053794929228       -21.4200000000000     
   17.3627539963002       -42.8400000000000     
  -33.9932055572616       -21.4200000000000     
  1.128284705002665E+308 -1.375961143253217E+308
   18.6952666270710       -42.8400000000000     
  1.683397087647465E+308 -5.086402145586440E+307
   18.3066266682012       -42.8400000000000     
  0.000000000000000E+000   5.06740626380358     
   21.4200000000000       -14.6145028760692     
  0.000000000000000E+000  -68.0356114037044     
  -21.4200000000000        1.13443352930322     
   42.8400000000000        34.5367784716427     
   42.8400000000000       -37.1078759815216     
  -48.8733372073297       0.000000000000000E+000
   3.97051453080556       -42.8400000000000     
  -28.4529769316219       -21.4200000000000     
  1.104875576164588E+308 -4.759526494016062E+307
   17.8202618348391       -21.4200000000000     
   3.97051453080556       -42.8400000000000     
   21.7117120423952       -42.8400000000000     
   21.4200000000000       -28.2841006961202     
  -21.4200000000000       -32.9724787472146     
   12.7433588808799       -42.8400000000000     
   21.7117120423952       -42.8400000000000     
  -44.8015083518767        42.8400000000000     
  -21.4200000000000       -32.9724787472146     
  -51.1764967952727        42.8400000000000     
   28.1504382839009       -42.8400000000000     
  -189.199656192453        21.4200000000000     
  -21.4200000000000       -32.9724787472146     
  -54.4104864705661        21.4200000000000     
   28.1504382839009       -42.8400000000000     
  -64.2428420398894        21.4200000000000     
   14.0581485867816       0.000000000000000E+000
  -21.4200000000000       -32.9724787472146     
   32.3910679364166       -42.8400000000000     
   42.8400000000000       -68.2623807036308     
  -21.4200000000000       -32.9724787472146     
   42.8400000000000       -59.7185780922213     
  1.766552290635206E+308 -2.347891008514122E+307
   21.4200000000000       -502.431521565725     
   17.8202618348391       -21.4200000000000     
  -14.0908088408602        21.4200000000000     
  0.000000000000000E+000  -75.2481058830936     
  -21.4200000000000       -61.4530953218860     
   3.23845614581605       -42.8400000000000     
  -14.0908088408602        21.4200000000000     
   20.0995608605448       0.000000000000000E+000
   3.23845614581605       -42.8400000000000     
  -28.4529769316219       -21.4200000000000     
  -42.8400000000000       -1.83381422653065     
   21.4200000000000       -78.1917896794153     
  -21.4200000000000       -33.2510472033646     
  -21.4200000000000       -30.1509011172978     
  0.000000000000000E+000  -24.1287926556753     
   42.8400000000000        36.2985700977240     
   15.4082716211992       -21.4200000000000     
  -21.4200000000000       -30.1509011172978     
  0.000000000000000E+000  -24.1287926556753     
  -23.6524470688195        21.4200000000000     
  1.508316704859282E+308 -7.272765419892156E+306
  0.000000000000000E+000  -24.1287926556753     
  1.347276083386701E+308 -1.178639438618757E+308
   4.19558674812614       -21.4200000000000     
  -42.8400000000000       -1.83381422653065     
   12.5763737722653       -21.4200000000000     
   5.79145433566607        21.4200000000000     
  -42.8400000000000       -1.83381422653065     
  1.776356839400250E-015  -36.8012228519352     
   15.3369111766299       0.000000000000000E+000
  -23.6524470688195        21.4200000000000     
  0.000000000000000E+000  -55.9490325182230     
  -42.8400000000000        11.6260813549771     
   21.4200000000000       -79.8516514447548     
  -42.8400000000000        18.0629790673931     
  0.000000000000000E+000  -81.9659076128683     
   42.8400000000000        36.2985700977240     
   21.4200000000000       -48.0804316696168     
   14.0581485867816       0.000000000000000E+000
   42.8400000000000        36.2985700977240     
  1.168487713620960E+308  1.059114439976163E+307
   6.83262988747270       -21.4200000000000     
   42.8400000000000        36.2985700977240     
  -42.8400000000000        16.4515501644221     
  0.000000000000000E+000   5.06740626380358     
  -21.4200000000000       -30.1509011172978     
   42.8400000000000        25.9493684130994     
  0.000000000000000E+000   5.06740626380358     
  -21.4200000000000        16.7891333603235     
  -21.4200000000000       -27.1356314952234     
   13.1999679606228       -42.8400000000000     
  5.484368301471727E+307  1.609732124347739E+308
  -7.03674121773748       0.000000000000000E+000
  4.126228382209835E+307  1.210262444892113E+308
   12.9755514817361       -21.4200000000000     
  5.422084363257535E+307  1.673615882072040E+308
   21.4200000000000       -53.4492782771419     
  -34.1183504787910       4.440892098500626E-016
  -21.4200000000000        20.8093448438547     
   14.0581485867816       0.000000000000000E+000
  -34.1183504787910       0.000000000000000E+000
  -18.0822229376811        21.4200000000000     
   12.5763737722653       -21.4200000000000     
  -34.5225134792580       0.000000000000000E+000
  -7.03674121773748       0.000000000000000E+000
   4.19558674812614       -21.4200000000000     
  -21.4200000000000        1.13443352930322     
  -42.8400000000000        29.7967166907337     
   4.19558674812614       -21.4200000000000     
   33.4354275438870       0.000000000000000E+000
   42.8400000000000       -35.0530981429594     
   4.19558674812614       -21.4200000000000     
  -21.4200000000000        3.74040782704659     
  4.876146116686498E+307  1.665040382555122E+308
   12.9755514817361       -21.4200000000000     
  3.300332053003137E+307  1.722434968767100E+308
  -21.4200000000000        3.74040782704659     
  9.202719605665052E+306  1.793758475538560E+308
   12.9755514817361       -21.4200000000000     
  -21.4200000000000        1.13443352930322     
 -0.649129357242600      -4.440892098500626E-016
   12.9755514817361       -21.4200000000000     
  -21.4200000000000       -33.2510472033646     
  0.000000000000000E+000   5.06740626380358     
 -0.332703132241956        21.4200000000000     
  -35.2246355777030       8.881784197001252E-016
  0.000000000000000E+000   5.06740626380358     
  -128.293194584268        21.4200000000000     
  -35.2246355777030      -6.661338147750939E-016
  0.000000000000000E+000   5.06740626380359     
  5.266038734531912E+307 -1.573591564749336E+308
   42.8400000000000       -35.0530981429594     
 -1.220346814459680E+308 -1.316768661986059E+308
   42.8400000000000        25.9493684130994     
  0.000000000000000E+000  0.194076173774206     
   26.6561896776764       -42.8400000000000     
  -20.0503422726307      -4.440892098500626E-016
  -59.2338010064504        21.4200000000000     
   39.1447666106389       0.000000000000000E+000
  -20.0503422726307       0.000000000000000E+000
   12.5763737722653       -21.4200000000000     
   12.9755514817361       -21.4200000000000     
   42.8400000000000       -14.1781520623345     
  -20.9259781874261      -4.440892098500626E-016
  -33.6213897365669       -21.4200000000000     
   21.4200000000000       -30.9978173765919     
  -12.4515826505123       0.000000000000000E+000
  -21.4200000000000        2.54838376952807     
  -33.6213897365669       -21.4200000000000     
   21.4200000000000       -30.9978173765919     
  -42.8400000000000        18.4747129348085     
   24.7933509624632        42.8400000000000     
  -45.8605239074210        21.4200000000000     
   29.3454468355074       -42.8400000000000     
   42.8400000000000        25.9493684130994     
   24.7933509624632        42.8400000000000     
  -35.2246355777030       3.885780586188048E-016
   42.8400000000000        25.9493684130994     
   24.7933509624632        42.8400000000000     
  -17.2269244549838       0.000000000000000E+000
  -21.4200000000000        2.54838376952807     
   14.0581485867816       0.000000000000000E+000
  0.000000000000000E+000   11.7122299163877     
  -21.4200000000000        2.69542660268854     
   29.3454468355074       -42.8400000000000     
  -18.0822229376811        21.4200000000000     
   26.6561896776764       -42.8400000000000     
  -21.4200000000000        2.67916030503543     
  -42.8400000000000        9.01436679363996     
   24.7933509624632        42.8400000000000     
  -42.8400000000000        4.75071033079198     
  -44.2107457277420        21.4200000000000     
   21.4200000000000       -23.3964717292337     
   21.2001711821830        21.4200000000000     
  -48.0706060688720        21.4200000000000     
  0.000000000000000E+000   4.41206578041789     
   21.4200000000000       -23.3964717292337     
   42.8400000000000        25.9493684130994     
  -21.4200000000000       -33.1630336489687     
  2.037736795094669E+307  1.767512774847020E+308
   42.8400000000000       -14.1781520623345     
 -2.626727158583306E+307  1.778345502462312E+308
  -42.8400000000000        4.75071033079198     
  0.000000000000000E+000   4.59523895840365     
  -21.4200000000000       -51.1181787655849     
  -42.8400000000000        36.2309544107478     
  -21.4200000000000       -55.6327522143650     
  -42.8400000000000        40.1905502628659     
  1.776356839400250E-015   4.41206578041789     
  -42.8400000000000        41.3070846730826     
   42.8400000000000        25.9493684130994     
  -42.8400000000000        39.8468227016673     
  -45.3282134991534        21.4200000000000     
  -48.1209602336253        42.8400000000000     
 -3.766392939592846E+307  1.397427511456114E+308
   21.4200000000000       -17.1608381021750     
  5.394916681623557E+307  1.581757104140962E+307
   21.4200000000000        6.56730072461644     
  3.557197525009653E+307  1.634238290593742E+308
  -33.6213897365669       -21.4200000000000     
   21.4200000000000        6.56730072461644     
  0.000000000000000E+000   4.41206578041789     
  -21.4200000000000       -33.2510472033646     
  -49.0164191117905        42.8400000000000     
   29.3454468355074       -42.8400000000000     
  -42.8400000000000        36.2579400336890     
  -21.4200000000000       -45.9371334440106     
   21.4200000000000       -17.1608381021750     
  1.688212254309465E+308  5.715768839162079E+307
  -54.0080997110814        21.4200000000000     
   21.4200000000000       -17.1608381021750     
  -249.034515301959       0.000000000000000E+000
   21.4200000000000       -31.8303285397989     
   21.4200000000000       -17.1608381021750     
  -21.4200000000000       -33.2510472033646     
   24.7933509624632        42.8400000000000     
   21.4200000000000       -42.3325931305524     
   21.4200000000000       -18.8193235570996     
  0.000000000000000E+000  -41.9535328892493     
   24.7933509624632        42.8400000000000     
  0.000000000000000E+000   16.5560227325330     
   31.6609677266556       -21.4200000000000     
   15.1542184270544        21.4200000000000     
  -64.0443833529354        21.4200000000000     
  0.000000000000000E+000   16.5560227325330     
  -50.7258521361897        21.4200000000000     
  -42.8400000000000        34.6262120676094     
  -10.2903931124729       -42.8400000000000     
  -49.8503978448443        21.4200000000000     
  -9.28658098227237       -42.8400000000000     
  -42.8400000000000        4.75071033079198     
  0.000000000000000E+000  -41.9535328892493     
   24.7933509624632        42.8400000000000     
  -42.8400000000000        29.7967166907337     
  0.000000000000000E+000  -41.9535328892493     
  -17.9904904236275      -3.330669073875470E-016
  8.291957680710025E+307  1.369953043139883E+308
  1.695702468810246E+308  5.580833060774512E+307
  -13.1486644015195       -42.8400000000000     
 -2.471806729149448E+307 -1.453789124550235E+308
  -15.4934950141611       -42.8400000000000     
  2.077236191250830E+307 -2.529557681031796E+307
   42.8400000000000       -13.4872395145570     
  -93.6408511655484       0.000000000000000E+000
  -33.6213897365669       -21.4200000000000     
  -53.6291885121189        21.4200000000000     
  -42.8400000000000        4.75071033079198     
  -46.1248396963823        21.4200000000000     
  -28.7566235847922       -21.4200000000000     
  -52.9705322478216        21.4200000000000     
  -21.4200000000000       -46.8749405311507     
  -21.4200000000000        1.17003191766303     
  -28.7566235847922       -21.4200000000000     
  -54.4333388511640       0.000000000000000E+000
  -12.5656334850601       -42.8400000000000     
   21.4200000000000        36.3567609217362     
  -6.83541958184247        21.4200000000000     
  -12.5656334850601       -42.8400000000000     
  3.422759584267576E+307 -8.748556347573991E+307
  -51.7253630272767        21.4200000000000     
  -12.7831787633836       5.551115123125783E-016
  -12.5656334850601       -42.8400000000000     
  -42.8400000000000        1.32305511734843     
  -11.8966963680700       -42.8400000000000     
  -14.7492066218957      -5.551115123125783E-016
  0.000000000000000E+000  -58.0253608852353     
  -42.8400000000000        9.11546123282846     
   21.4200000000000        36.3567609217362     
  -14.7492066218957      -1.665334536937735E-016
 -1.076720475813870E+308 -1.269177497682073E+307
