title KENO-VI
% no tab allowed YET...

% --- UO2 Pin ("unit 1"):

pin  1 4
UO2      0.41260
gap      0.42260
ZIRLO    0.47400
water

% --- Guide tube ("unit 2"):

pin  2 3
water  0.57100
ZIRLO  0.61300
water


lat 110  1  0.0 0.0 0.0 17 17 1  1.262 1.262 1

1 1 1 1 1 1 1 1 1 1 1 1 1 1 1 1 1
1 1 1 1 1 1 1 1 1 1 1 1 1 1 1 1 1
1 1 1 1 1 2 1 1 2 1 1 2 1 1 1 1 1
1 1 1 2 1 1 1 1 1 1 1 1 1 2 1 1 1
1 1 1 1 1 1 1 1 1 1 1 1 1 1 1 1 1
1 1 2 1 1 2 1 1 2 1 1 2 1 1 2 1 1
1 1 1 1 1 1 1 1 1 1 1 1 1 1 1 1 1
1 1 1 1 1 1 1 1 1 1 1 1 1 1 1 1 1
1 1 2 1 1 2 1 1 2 1 1 2 1 1 2 1 1
1 1 1 1 1 1 1 1 1 1 1 1 1 1 1 1 1
1 1 1 1 1 1 1 1 1 1 1 1 1 1 1 1 1
1 1 2 1 1 2 1 1 2 1 1 2 1 1 2 1 1
1 1 1 1 1 1 1 1 1 1 1 1 1 1 1 1 1
1 1 1 2 1 1 1 1 1 1 1 1 1 2 1 1 1
1 1 1 1 1 2 1 1 2 1 1 2 1 1 1 1 1
1 1 1 1 1 1 1 1 1 1 1 1 1 1 1 1 1
1 1 1 1 1 1 1 1 1 1 1 1 1 1 1 1 1


surf  1000  sqcz  0.0  0.0  10.727
surf  1001  sqcz  0.0  0.0  10.806

cell  100  0  fill110   & -1000
cell  101  0  water     & 1000 -1001
cell  102  0  outside   & 1001 

bc 1001 1

sgrid  -11 -11 -1 11 11 1

% ====== end of geometry input ======
